Twitter,0.04704147204756737,0.026968950405716896,0.0355098657310009,-0.03412487357854843,0.008570969104766846,-0.029047083109617233,-0.035315342247486115,0.032232727855443954,0.004884496331214905,-0.04565862566232681
reddit,0.10735165327787399,0.05555000156164169,-0.013731257990002632,0.017859231680631638,0.10197008401155472,0.04684603959321976,-0.08958615362644196,0.004268008749932051,0.026533233001828194,-0.012529074214398861
Twitter,0.1111893504858017,0.08790826797485352,-0.02504402957856655,-0.016944291070103645,0.1154756098985672,0.04420776665210724,-0.08246953785419464,-0.004288062918931246,-0.02071245387196541,0.01675359532237053
reddit,0.030262809246778488,0.01160324364900589,0.051231831312179565,-0.036679551005363464,-0.021392863243818283,-0.048000458627939224,-0.02452060580253601,0.04286465048789978,0.017844492569565773,-0.06678986549377441
Twitter,0.08721508830785751,0.06279012560844421,-0.0019311527721583843,-0.022255269810557365,0.07706064730882645,0.017474208027124405,-0.06396748125553131,0.00936534721404314,-0.011893141083419323,-0.0054800319485366344
reddit,0.07846973836421967,0.04071865603327751,0.010025592520833015,-0.008097218349575996,0.05631234869360924,0.010011516511440277,-0.06264997273683548,0.018237022683024406,0.016180196776986122,-0.02987506613135338
Twitter,0.11554411053657532,0.06949525326490402,-0.02349224127829075,0.009660452604293823,0.11743013560771942,0.05318178981542587,-0.091573067009449,-0.0028013549745082855,0.007159456145018339,0.0044697485864162445
reddit,0.07076216489076614,0.04791484773159027,0.013497733511030674,-0.027759239077568054,0.04887007921934128,-0.001922992174513638,-0.051340002566576004,0.018854256719350815,-0.0065390546806156635,-0.021305808797478676
Twitter,0.07944613695144653,0.056186992675065994,0.005256992299109697,-0.027333969250321388,0.06410332024097443,0.007164559792727232,-0.05612754449248314,0.013387713581323624,-0.014554847963154316,-0.009910037741065025
reddit,0.053078699856996536,0.031790632754564285,0.030017197132110596,-0.030461270362138748,0.018931401893496513,-0.021657267585396767,-0.03982638567686081,0.029188532382249832,0.004370182752609253,-0.0409373864531517
Twitter,0.06398764252662659,0.048832762986421585,0.017991982400417328,-0.036326777189970016,0.04111180454492569,-0.010172921232879162,-0.044822998344898224,0.020940333604812622,-0.012924538925290108,-0.02098301239311695
Twitter,0.0880541056394577,0.049950361251831055,8.758653420954943E-4,-0.0059954398311674595,0.07310275733470917,0.020497264340519905,-0.06920797377824783,0.011775573715567589,0.00821019522845745,-0.017714466899633408
reddit,0.03140535205602646,0.019798588007688522,0.048244453966617584,-0.04647331312298775,-0.01522775273770094,-0.04801926016807556,-0.021759366616606712,0.03985223546624184,0.0017717067385092378,-0.055313993245363235
Twitter,0.0823899582028389,0.05031658336520195,0.004810078535228968,-0.013883857987821102,0.0655277892947197,0.013414637185633183,-0.06356415152549744,0.014177697710692883,0.0036707501858472824,-0.018904566764831543
reddit,0.08221382647752762,0.05642141401767731,0.0032714204862713814,-0.020695848390460014,0.06694434583187103,0.01223500445485115,-0.06182876229286194,0.01319335401058197,-0.00371703808195889,-0.014778698794543743
Twitter,0.08279743045568466,0.05723368376493454,0.0024368558079004288,-0.027809683233499527,0.07126448303461075,0.011001183651387691,-0.0566817931830883,0.011006562039256096,-0.019476843997836113,-0.004084708169102669
reddit,0.06374941021203995,0.03540179133415222,0.02166357822716236,-0.021405303850769997,0.03408322483301163,-0.008551949635148048,-0.04943409189581871,0.024715827777981758,0.009197656996548176,-0.036576662212610245
Twitter,0.036066073924303055,0.017951102927327156,0.045548588037490845,-0.03691336512565613,-0.010452347807586193,-0.04146544262766838,-0.02795572765171528,0.038979511708021164,0.012193940579891205,-0.05877336114645004
Twitter,0.12505900859832764,0.07157361507415771,-0.030485637485980988,0.014024198986589909,0.1298469454050064,0.0640091523528099,-0.09866515547037125,-0.006542670540511608,0.008244436234235764,0.007947804406285286
Twitter,0.04089030623435974,0.018999731168150902,0.04198021441698074,-0.031189296394586563,-0.003914145287126303,-0.034910332411527634,-0.03340389207005501,0.03723672032356262,0.01723935827612877,-0.05829527601599693
reddit,0.15236803889274597,0.08507271856069565,-0.053101442754268646,0.036370258778333664,0.1731920838356018,0.09849295020103455,-0.12375106662511826,-0.020417120307683945,0.014852381311357021,0.025433436036109924
Twitter,0.06460689008235931,0.06796570867300034,0.012284575030207634,-0.06402918696403503,0.04972342774271965,-0.015261589549481869,-0.03441719338297844,0.015178380534052849,-0.05480170249938965,0.004345226101577282
reddit,0.04452744498848915,0.010418776422739029,0.04165974631905556,-0.012888183817267418,-0.0025590001605451107,-0.028353430330753326,-0.04169955477118492,0.03763406723737717,0.037146154791116714,-0.06686557084321976
reddit,0.04911024123430252,0.01663977839052677,0.03679164499044418,-0.014997029677033424,0.00584685942158103,-0.02341819927096367,-0.043758824467659,0.03500761464238167,0.03211197629570961,-0.0613594688475132
Twitter,0.051319483667612076,0.020415524020791054,0.0343937948346138,-0.014867445454001427,0.008818259462714195,-0.020789863541722298,-0.04691026359796524,0.033624935895204544,0.03394785895943642,-0.060383327305316925
reddit,0.034725211560726166,0.014297290705144405,0.04741331562399864,-0.034862201660871506,-0.012053915299475193,-0.042821988463401794,-0.026928607374429703,0.0392838753759861,0.011407749727368355,-0.05803746357560158
Twitter,0.06574966758489609,0.04273916780948639,0.018264370039105415,-0.02653878554701805,0.03949938341975212,-0.007059551775455475,-0.04940309748053551,0.022232839837670326,7.832385017536581E-4,-0.029724489897489548
reddit,0.0690273866057396,0.04598018154501915,0.015127687714993954,-0.02756582386791706,0.0467059463262558,-0.0033352826721966267,-0.05026751011610031,0.019854839891195297,-0.005293299909681082,-0.023291906341910362
Twitter,0.016987269744277,0.015139169059693813,0.05951349064707756,-0.058707039803266525,-0.03876360133290291,-0.06707949936389923,-0.008548627607524395,0.04689335078001022,-0.002762961434200406,-0.06465441733598709
reddit,0.032441820949316025,0.01309781800955534,0.04939013719558716,-0.03589784726500511,-0.01719638705253601,-0.04542535915970802,-0.025731556117534637,0.04152911528944969,0.016124235466122627,-0.06432591378688812
Twitter,0.05468941852450371,0.029709814116358757,0.029327955096960068,-0.026922864839434624,0.02073085680603981,-0.01943487860262394,-0.04170108959078789,0.028675531968474388,0.006848383229225874,-0.040955208241939545
reddit,0.11244918406009674,0.06600360572338104,-0.020406989380717278,0.010530834086239338,0.11297057569026947,0.051757317036390305,-0.09137989580631256,-6.468778010457754E-4,0.012919656001031399,-0.0015686594415456057
reddit,0.035891592502593994,0.021987665444612503,0.04452184587717056,-0.04230986535549164,-0.008456066250801086,-0.04275995492935181,-0.025374138727784157,0.037752747535705566,0.002559222048148513,-0.05257633700966835
Twitter,0.10361194610595703,0.05708414316177368,-0.011503986082971096,0.007604601327329874,0.09575553983449936,0.040626246482133865,-0.08481156080961227,0.005202507134526968,0.0181962288916111,-0.012226630933582783
Twitter,0.030921347439289093,0.015684161335229874,0.04966268688440323,-0.040788888931274414,-0.018305471166968346,-0.04779123514890671,-0.023377440869808197,0.04142102971673012,0.009874747134745121,-0.06115781515836716
reddit,0.06775255501270294,0.04867251589894295,0.015440907329320908,-0.03129606693983078,0.04570433497428894,-0.005553586408495903,-0.04829281568527222,0.019677385687828064,-0.009841762483119965,-0.02060818113386631
Twitter,0.04908349737524986,0.02881733514368534,0.033676937222480774,-0.03041623719036579,0.012202303856611252,-0.025704288855195045,-0.03801925852894783,0.031537946313619614,0.008105839602649212,-0.045688893646001816
Twitter,0.06786949932575226,0.036484234035015106,0.018387872725725174,-0.023063331842422485,0.038196515291929245,-0.005580466706305742,-0.051326461136341095,0.02267143689095974,0.00635499507188797,-0.033648114651441574
reddit,0.03604938089847565,0.02209138125181198,0.04438495263457298,-0.04222160950303078,-0.008202052675187588,-0.042571041733026505,-0.02550063095986843,0.03767065331339836,0.0025496429298073053,-0.05245323106646538
Twitter,0.11067648231983185,0.0710807517170906,-0.020669862627983093,-0.005692657548934221,0.11318061500787735,0.04538717865943909,-0.08196303993463516,-0.002175868023186922,-0.011575264856219292,0.010992605239152908
Twitter,-0.010747512802481651,-0.060929469764232635,0.09921347349882126,0.008041244000196457,-0.10530363023281097,-0.08475382626056671,-0.017158735543489456,0.07487396150827408,0.11170044541358948,-0.15153339505195618
reddit,0.07433820515871048,0.05338669940829277,0.009567135013639927,-0.03279789909720421,0.057602979242801666,0.0012422618456184864,-0.05056045576930046,0.015742680057883263,-0.017822014167904854,-0.011720936745405197
Twitter,0.12533831596374512,0.06881634891033173,-0.030130743980407715,0.021395418792963028,0.1313287913799286,0.06628132611513138,-0.10118720680475235,-0.006461095996201038,0.015116829425096512,0.006480698939412832
reddit,0.03595800697803497,0.022024719044566154,0.044466063380241394,-0.04226245731115341,-0.008351964876055717,-0.04267828166484833,-0.025431614369153976,0.037720102816820145,0.0025706072337925434,-0.052533481270074844
Twitter,0.044802941381931305,0.024075523018836975,0.03785437345504761,-0.032246142625808716,0.004531552083790302,-0.03103841282427311,-0.03447772562503815,0.033979546278715134,0.00942800473421812,-0.04973995313048363
reddit,0.02802799828350544,0.008262326009571552,0.053679872304201126,-0.03635483607649803,-0.024478338658809662,-0.050544220954179764,-0.02255282551050186,0.0436805821955204,0.01674816571176052,-0.06664720922708511
Twitter,0.07890820503234863,0.04152496159076691,0.009423738345503807,-0.008529426530003548,0.05851530656218529,0.010707045905292034,-0.06288927048444748,0.01697787083685398,0.011674316599965096,-0.025723621249198914
reddit,0.03598950430750847,0.02205478958785534,0.04443613439798355,-0.042259421199560165,-0.00829726830124855,-0.04264364764094353,-0.025450851768255234,0.037701014429330826,0.002546818694099784,-0.05249618738889694
Twitter,0.12139473855495453,0.04689210280776024,-0.021042857319116592,0.05018696188926697,0.11179511994123459,0.06699182838201523,-0.11208560317754745,0.0030282766092568636,0.06839365512132645,-0.030969059094786644
reddit,0.06555603444576263,0.03905774652957916,0.019397689029574394,-0.025121787562966347,0.03874501958489418,-0.007138966117054224,-0.0488145686686039,0.022701403126120567,0.0014104575384408236,-0.030375976115465164
Twitter,0.038091037422418594,0.020363282412290573,0.043609000742435455,-0.037235528230667114,-0.007943099364638329,-0.03916756436228752,-0.029519572854042053,0.038658130913972855,0.013502529822289944,-0.05868010222911835
reddit,0.03589895740151405,0.021988745778799057,0.04451650381088257,-0.042299848049879074,-0.008445794694125652,-0.042749885469675064,-0.02538248896598816,0.0377500057220459,0.002567640272900462,-0.052575722336769104
Twitter,0.06923811882734299,0.04446038603782654,0.01552913524210453,-0.02505091018974781,0.04525590315461159,-0.0032196170650422573,-0.051548223942518234,0.020280173048377037,-8.624672773294151E-4,-0.02599388360977173
reddit,0.03817858546972275,0.025836721062660217,0.04203923046588898,-0.04114856943488121,-0.006131345871835947,-0.039687637239694595,-0.028780290856957436,0.03743141517043114,0.007126818411052227,-0.05499022826552391
Twitter,0.06702832877635956,0.040419336408376694,0.01803274266421795,-0.0222468338906765,0.04081389307975769,-0.004941785242408514,-0.05139606073498726,0.02206452377140522,0.004769755061715841,-0.030904624611139297
reddit,0.06882782280445099,0.04540567472577095,0.015604996122419834,-0.02834409289062023,0.04621215909719467,-0.004420985467731953,-0.04933988302946091,0.019519496709108353,-0.007517681457102299,-0.02089785225689411
Twitter,0.06351765245199203,0.04015626013278961,0.020456161350011826,-0.0282294824719429,0.035865671932697296,-0.010060282424092293,-0.04725685343146324,0.022910112515091896,-0.0015794450882822275,-0.030590545386075974
reddit,0.07084128260612488,0.04794450104236603,0.01352874655276537,-0.026809990406036377,0.05047306790947914,-9.277009521611035E-4,-0.05173144116997719,0.018581997603178024,-0.006169521249830723,-0.02048363909125328
Twitter,-0.010747512802481651,-0.060929469764232635,0.09921347349882126,0.008041244000196457,-0.10530363023281097,-0.08475382626056671,-0.017158735543489456,0.07487396150827408,0.11170044541358948,-0.15153339505195618
reddit,0.061469487845897675,0.04112274944782257,0.021954428404569626,-0.028267543762922287,0.03445318341255188,-0.01155766285955906,-0.045854728668928146,0.024140849709510803,1.0327721975045279E-4,-0.030824046581983566
Twitter,0.07904455810785294,0.034900400787591934,0.011262869462370872,0.005228280555456877,0.05188234522938728,0.013175379484891891,-0.06965068727731705,0.02090279944241047,0.03906705975532532,-0.04511421173810959
reddit,0.07579231262207031,0.050772614777088165,0.009171121753752232,-0.02771739661693573,0.05841689556837082,0.0027645090594887733,-0.053131941705942154,0.014599288813769817,-0.015067965723574162,-0.010854432359337807
Twitter,0.11482467502355576,0.07635226845741272,-0.024464379996061325,-0.0014871398452669382,0.1182454451918602,0.050892896950244904,-0.08841849863529205,-0.004341172054409981,-0.007912475615739822,0.012243152596056461
reddit,0.038364194333553314,0.01594547927379608,0.04454458877444267,-0.02936362475156784,-0.008458321914076805,-0.03732483834028244,-0.0325038768351078,0.039051204919815063,0.021758245304226875,-0.06260407716035843
Twitter,0.04056869074702263,0.01854902319610119,0.04227270558476448,-0.030714940279722214,-0.004469490610063076,-0.03536180034279823,-0.0330873504281044,0.03743899241089821,0.017425991594791412,-0.058837175369262695
reddit,0.055597707629203796,0.04049880802631378,0.02596329338848591,-0.03973843902349472,0.024803876876831055,-0.020846089348196983,-0.03790656104683876,0.026621749624609947,-0.009077184833586216,-0.03229990601539612
Twitter,0.09284963458776474,0.05560152232646942,-0.003916461020708084,-0.009132732637226582,0.08161740005016327,0.024893196299672127,-0.07114367187023163,0.0080496147274971,-4.111194284632802E-4,-0.008604896254837513
reddit,0.05347283184528351,0.033718399703502655,0.029322845861315727,-0.032955385744571686,0.019571056589484215,-0.02171330712735653,-0.03946021944284439,0.028827926144003868,0.0022233091294765472,-0.039656151086091995
Twitter,0.11809088289737701,0.06999410688877106,-0.025598332285881042,0.0070471190847456455,0.12053387612104416,0.05508831888437271,-0.09123295545578003,-0.003409425960853696,0.0037730096373707056,0.005342482589185238
reddit,0.07136570662260056,0.04598701000213623,0.013593457639217377,-0.02225206047296524,0.04835832118988037,-3.698188520502299E-4,-0.05466877296566963,0.018791913986206055,2.742549404501915E-4,-0.023900896310806274
Twitter,0.09239612519741058,0.05624930188059807,-0.003868450876325369,-0.010212842375040054,0.07687123864889145,0.023728854954242706,-0.07120995223522186,0.011115431785583496,0.010541512630879879,-0.01986500807106495
reddit,0.052564553916454315,0.029933402314782143,0.030975619331002235,-0.02755342796444893,0.01782934181392193,-0.021361414343118668,-0.04100695624947548,0.029595015570521355,0.007782637141644955,-0.04207606613636017
Twitter,0.06365326792001724,0.027248188853263855,0.024054020643234253,-0.006772002670913935,0.029074566438794136,-0.005766947753727436,-0.05664518475532532,0.027035729959607124,0.03161560371518135,-0.05018060654401779
reddit,0.06400702893733978,0.04123663902282715,0.019819259643554688,-0.03171756863594055,0.035329096019268036,-0.010524943470954895,-0.046275749802589417,0.023230984807014465,-0.003654919797554612,-0.030143653973937035
Twitter,0.15899540483951569,0.09332508593797684,-0.05984271317720413,0.04251575842499733,0.18415504693984985,0.10698326677083969,-0.1302594691514969,-0.023136010393500328,0.01959853246808052,0.027722680941224098
reddit,0.08800726383924484,0.0556471161544323,-5.752205615863204E-4,-0.011549234390258789,0.07569310814142227,0.020518746227025986,-0.0683632344007492,0.010662014596164227,0.002038955455645919,-0.012879994697868824
Twitter,0.0864485651254654,0.05860927700996399,-2.9429845744743943E-4,-0.0195230133831501,0.0743473693728447,0.016806012019515038,-0.06410833448171616,0.010189590975642204,-0.008737375028431416,-0.008232482708990574
reddit,0.0705265924334526,0.04774291440844536,0.013833107426762581,-0.02835116721689701,0.049040086567401886,-0.002190593397244811,-0.05068523809313774,0.018966546282172203,-0.007338374387472868,-0.020839691162109375
Twitter,0.03681612387299538,0.02111426182091236,0.04421267285943031,-0.03869200125336647,-0.007947703823447227,-0.04060139134526253,-0.028061337769031525,0.038005243986845016,0.008172108791768551,-0.05524219945073128
reddit,0.05342534929513931,0.02764046937227249,0.030961615964770317,-0.023921487852931023,0.017505532130599022,-0.020025286823511124,-0.042848777025938034,0.029993101954460144,0.013415146619081497,-0.045400671660900116
Twitter,0.06824000924825668,0.04059654474258423,0.017198428511619568,-0.021838566288352013,0.041578926146030426,-0.0037438045255839825,-0.05257412791252136,0.021820489317178726,0.005552112590521574,-0.031103551387786865
Twitter,0.09171219170093536,0.057695627212524414,-0.0036515265237540007,-0.011904831975698471,0.08046086132526398,0.023477353155612946,-0.06987124681472778,0.008690719492733479,-0.001274242764338851,-0.009069322608411312
reddit,0.054685790091753006,0.025944197550415993,0.030362103134393692,-0.018061695620417595,0.0190288033336401,-0.017201101407408714,-0.045804500579833984,0.030197573825716972,0.020676668733358383,-0.0488254651427269
Twitter,0.08393841236829758,0.07147306948900223,-0.0019949430134147406,-0.045044612139463425,0.07925059646368027,0.008504210971295834,-0.05061084404587746,0.005880903918296099,-0.05106932297348976,0.017790837213397026
reddit,0.0923369973897934,0.05305669829249382,-0.0026675197295844555,5.352943553589284E-4,0.07905437797307968,0.026802899315953255,-0.07518798857927322,0.01037109550088644,0.01550905592739582,-0.01790716126561165
Twitter,0.1442781537771225,0.11090192198753357,-0.05435846000909805,-0.00667660403996706,0.17462009191513062,0.08305962383747101,-0.10308986902236938,-0.023715192452073097,-0.040893469005823135,0.055450551211833954
reddit,0.0680822804570198,0.032278288155794144,0.019567647948861122,-0.006041346117854118,0.03892502561211586,-4.7531339805573225E-4,-0.05851525813341141,0.023979414254426956,0.026249516755342484,-0.041462983936071396
Twitter,0.05538099631667137,0.036944568157196045,0.027069631963968277,-0.03354781121015549,0.0233268141746521,-0.0193947721272707,-0.04089433699846268,0.02735736593604088,-9.450452052988112E-4,-0.03635682165622711
reddit,0.05344347283244133,0.03148707374930382,0.02996513992547989,-0.028801284730434418,0.01829761266708374,-0.02096475288271904,-0.041073963046073914,0.029703911393880844,0.008194704540073872,-0.04363412410020828
Twitter,0.08111138641834259,0.0864100232720375,-0.003748413873836398,-0.0597195103764534,0.07437541335821152,0.004120783414691687,-0.04889848828315735,0.007712528575211763,-0.051716722548007965,0.0116897476837039
reddit,0.06854873895645142,0.03935724496841431,0.017289845272898674,-0.018307069316506386,0.04216808080673218,-0.0023325078655034304,-0.05400560051202774,0.022004282101988792,0.009617549367249012,-0.032726138830184937
Twitter,0.08577258139848709,0.05747207999229431,4.392250266391784E-4,-0.01515933033078909,0.07349218428134918,0.01715616136789322,-0.06479012221097946,0.011485433205962181,-0.0023559918627142906,-0.012178385630249977
Twitter,0.046484097838401794,0.016278227791190147,0.038758784532547,-0.023747609928250313,0.004162309691309929,-0.028063859790563583,-0.037862833589315414,0.034516945481300354,0.017960354685783386,-0.0538191944360733
reddit,0.1353973001241684,0.10139653831720352,-0.045671798288822174,-0.013494275510311127,0.15824203193187714,0.07098669558763504,-0.09407324343919754,-0.0184013731777668,-0.04248865693807602,0.04743798449635506
Twitter,0.04383498802781105,0.014279508031904697,0.0412326343357563,-0.019145574420690536,-0.0012353830970823765,-0.029635032638907433,-0.03922552987933159,0.037069518119096756,0.029981767758727074,-0.06256116181612015
reddit,0.1169477254152298,0.07969975471496582,-0.02700635977089405,-0.010046885348856449,0.12455840408802032,0.05132944509387016,-0.08392339944839478,-0.006112293340265751,-0.02197607234120369,0.021592652425169945
Twitter,0.03553503006696701,0.01716543361544609,0.04608108848333359,-0.036706771701574326,-0.011100278235971928,-0.042143166065216064,-0.027277743443846703,0.03913547471165657,0.011027218773961067,-0.058176152408123016
Twitter,0.03681612387299538,0.02111426182091236,0.04421267285943031,-0.03869200125336647,-0.007947703823447227,-0.04060139134526253,-0.028061337769031525,0.038005243986845016,0.008172108791768551,-0.05524219945073128
Twitter,0.07835584878921509,0.04657183960080147,0.008591943420469761,-0.01971394754946232,0.06012595072388649,0.007190386764705181,-0.05724256485700607,0.015333167277276516,-0.004141716286540031,-0.016739733517169952
Twitter,0.05264003574848175,0.033144429326057434,0.030022738501429558,-0.034601256251335144,0.018816476687788963,-0.022899877279996872,-0.03824784234166145,0.028824100270867348,-9.549643727950752E-4,-0.03751670569181442
reddit,0.1165885403752327,0.07255464047193527,-0.025071216747164726,0.004862437956035137,0.11990348249673843,0.054334018379449844,-0.0909402072429657,-0.003386081662029028,0.0017435364425182343,0.007246731780469418
Twitter,0.07195951044559479,0.03711951896548271,0.015435268171131611,-0.012546348385512829,0.04430292919278145,0.0014006259152665734,-0.05790726840496063,0.021441565826535225,0.015703590586781502,-0.035244595259428024
reddit,0.06083299592137337,0.036295317113399506,0.02353547140955925,-0.02648109197616577,0.0309612974524498,-0.012472255155444145,-0.045937322080135345,0.025359276682138443,0.004134733229875565,-0.03523103520274162
Twitter,0.051403194665908813,0.028089553117752075,0.03211990371346474,-0.028617946431040764,0.014634273014962673,-0.023685239255428314,-0.03974850848317146,0.03022443689405918,0.007521194405853748,-0.04356579855084419
reddit,0.09596366435289383,0.055572934448719025,-0.00595482811331749,0.0021449734922498465,0.0850318968296051,0.03142512962222099,-0.07773101329803467,0.00920618325471878,0.017037946730852127,-0.01794574223458767
Twitter,0.04820400848984718,0.039277877658605576,0.031221983954310417,-0.048772793263196945,0.018022572621703148,-0.029356934130191803,-0.029354147613048553,0.02864151820540428,-0.02007758989930153,-0.028675146400928497
reddit,0.09890387207269669,0.05018564313650131,-0.006526703014969826,0.016330527141690254,0.08607184141874313,0.037311993539333344,-0.08566983789205551,0.00948437862098217,0.033872801810503006,-0.02404581755399704
Twitter,0.0729890689253807,0.05655356124043465,0.00950827356427908,-0.03568565845489502,0.055410802364349365,-0.0010705486638471484,-0.04957934096455574,0.016035528853535652,-0.020060623064637184,-0.011392279528081417
reddit,0.04218320921063423,0.021976159885525703,0.040219876915216446,-0.034598078578710556,-7.233236683532596E-4,-0.03476274386048317,-0.0317540317773819,0.035795897245407104,0.009367010556161404,-0.053012665361166
Twitter,0.10127882659435272,0.08099699020385742,-0.016741450875997543,-0.027907758951187134,0.10408900678157806,0.03144964203238487,-0.06855177879333496,-5.295649170875549E-4,-0.03631110116839409,0.01891220360994339
reddit,0.06906631588935852,0.03882365673780441,0.016939204186201096,-0.020254841074347496,0.04538903757929802,-0.002114281291142106,-0.051872368901968,0.020926034078001976,0.0034541860222816467,-0.027483319863677025
Twitter,0.09164634346961975,0.0636255145072937,-0.0051962146535515785,-0.018844129517674446,0.08448121696710587,0.023378172889351845,-0.06747177243232727,0.007195671554654837,-0.011910693719983101,-0.0017343908548355103
reddit,0.05472151190042496,0.030768465250730515,0.02926274947822094,-0.02681010402739048,0.01912982389330864,-0.019211582839488983,-0.042883872985839844,0.0297312643378973,0.012322322465479374,-0.04536299780011177
Twitter,0.052134931087493896,0.04485204815864563,0.027194377034902573,-0.0521421954035759,0.02338206022977829,-0.02667914889752865,-0.031191004440188408,0.02569545805454254,-0.026192542165517807,-0.02339722402393818
reddit,0.12961570918560028,0.07913192361593246,-0.03538043797016144,0.01961035467684269,0.14228393137454987,0.07290960103273392,-0.10583602637052536,-0.01013965904712677,0.010327980853617191,0.014930595643818378
Twitter,0.04743175953626633,0.0346502959728241,0.03316250443458557,-0.043817274272441864,0.012405943125486374,-0.030401038005948067,-0.03197520598769188,0.0298331119120121,-0.01077805832028389,-0.03545941412448883
Twitter,0.07966892421245575,0.029713580384850502,0.012465991079807281,0.017084484919905663,0.05465073883533478,0.01725039631128311,-0.07423382997512817,0.02042492665350437,0.04860394448041916,-0.04439486935734749
reddit,0.07040996849536896,0.042793549597263336,0.015256809070706367,-0.018793579190969467,0.04604179039597511,-2.772501320578158E-4,-0.05512949451804161,0.020806634798645973,0.008190947584807873,-0.029910653829574585
Twitter,0.03965218737721443,0.00934992078691721,0.04538418725132942,-0.020620400086045265,-0.010344002395868301,-0.03456762805581093,-0.036880023777484894,0.040191397070884705,0.034956347197294235,-0.07008330523967743
reddit,0.04750875383615494,0.03717692196369171,0.032412514090538025,-0.047278691083192825,0.01281827688217163,-0.030702870339155197,-0.031024904921650887,0.02989285998046398,-0.012809843756258488,-0.035786665976047516
Twitter,0.046935275197029114,0.027110083028674126,0.03560264781117439,-0.030138278380036354,0.008383257314562798,-0.02784804254770279,-0.03719980642199516,0.03298688679933548,0.011035929434001446,-0.04856524616479874
Twitter,0.030928002670407295,0.020367339253425598,0.04840784892439842,-0.04996005445718765,-0.014205575920641422,-0.049656499177217484,-0.01902240887284279,0.03878212720155716,-0.0064704325050115585,-0.04965652897953987
reddit,0.08087912201881409,0.045888565480709076,0.007168004754930735,-0.007462615612894297,0.060026615858078,0.013469149358570576,-0.06695441901683807,0.016657082363963127,0.017573833465576172,-0.028176674619317055
Twitter,0.06321809440851212,0.05082889273762703,0.017936071380972862,-0.03874409943819046,0.040865108370780945,-0.011438523419201374,-0.043914251029491425,0.020271513611078262,-0.01704666018486023,-0.018726177513599396
reddit,0.0716894343495369,0.04503510892391205,0.013524355366826057,-0.020719310268759727,0.04888380691409111,8.841028320603073E-4,-0.05502239614725113,0.01971500553190708,0.0038865278474986553,-0.02696133591234684
Twitter,0.04754393920302391,0.032715633511543274,0.03366602584719658,-0.04317791387438774,0.012551350519061089,-0.030374953523278236,-0.031261615455150604,0.030050529167056084,-0.010838272981345654,-0.03536095842719078
reddit,0.044354379177093506,0.015662705525755882,0.04040509834885597,-0.02004898712038994,0.0012064897455275059,-0.02873353287577629,-0.03915652260184288,0.03604331612586975,0.026561832055449486,-0.05863667279481888
Twitter,0.03946944326162338,0.037834856659173965,0.03773446008563042,-0.062022048979997635,0.0051482198759913445,-0.04212028533220291,-0.0191647969186306,0.031612396240234375,-0.031450651586055756,-0.029039578512310982
reddit,0.10332562029361725,0.05722745135426521,-0.011549778282642365,0.01332847774028778,0.09506304562091827,0.04127451777458191,-0.08680949360132217,0.005688523408025503,0.02310798317193985,-0.014262795448303223
Twitter,0.08884266018867493,0.05580368638038635,-0.001109028933569789,-0.019043538719415665,0.07729165256023407,0.019157132133841515,-0.06466924399137497,0.009653298184275627,-0.008549883030354977,-0.00747833214700222
reddit,0.049037158489227295,0.029191086068749428,0.033602260053157806,-0.03081890195608139,0.012164389714598656,-0.025853216648101807,-0.037922732532024384,0.031497254967689514,0.00790315680205822,-0.04517795145511627
Twitter,0.09612324088811874,0.06848200410604477,-0.009457462467253208,-0.019835742190480232,0.09209850430488586,0.027324432507157326,-0.06861522048711777,0.004680059850215912,-0.017664529383182526,0.0038783825002610683
Twitter,0.07734256237745285,0.054322484880685806,0.007391714490950108,-0.030309902504086494,0.06073126569390297,0.005469407420605421,-0.05457405745983124,0.01504988968372345,-0.014094525948166847,-0.013417811132967472
reddit,0.0501161552965641,0.03460441157221794,0.03148287162184715,-0.03403756022453308,0.014431224204599857,-0.024841109290719032,-0.038560204207897186,0.030773958191275597,0.005446749739348888,-0.04424992948770523
Twitter,0.04216833412647247,0.03137641400098801,0.03768172115087509,-0.0499676838517189,0.0048277974128723145,-0.03749241307377815,-0.025658972561359406,0.032291337847709656,-0.014796817675232887,-0.03740382567048073
reddit,0.05239655822515488,0.03155513107776642,0.030508223921060562,-0.03214495629072189,0.01643585041165352,-0.023099681362509727,-0.03950859233736992,0.029573382809758186,0.004526666831225157,-0.04210704565048218
reddit,0.03337682783603668,0.011273140087723732,0.0491282120347023,-0.03122115321457386,-0.017587386071681976,-0.043461721390485764,-0.028618227690458298,0.04197100177407265,0.023284144699573517,-0.06785976886749268
Twitter,0.06489590555429459,0.03800288215279579,0.02016366831958294,-0.02180161140859127,0.03593927249312401,-0.0075272200629115105,-0.05091129615902901,0.023372914642095566,0.007272296119481325,-0.03413493558764458
Twitter,0.05579924210906029,0.03372641280293465,0.027520952746272087,-0.02959793619811535,0.023788537830114365,-0.018705541267991066,-0.04182153567671776,0.026974165812134743,0.0019891937263309956,-0.03594433516263962
reddit,0.0672910213470459,0.044202882796525955,0.016910945996642113,-0.0278110783547163,0.04263179749250412,-0.005795001983642578,-0.04920360818505287,0.021049989387392998,-0.0037320207338780165,-0.025711802765727043
Twitter,0.11052040755748749,0.07538814842700958,-0.0213174968957901,-0.006311389617621899,0.11258560419082642,0.0452926829457283,-0.08331407606601715,-0.0019109257264062762,-0.009139453992247581,0.010151656344532967
reddit,0.06649849563837051,0.04364762455224991,0.017488256096839905,-0.028945548459887505,0.03997590020298958,-0.007245479617267847,-0.04853235185146332,0.02188464067876339,-0.0028280161786824465,-0.02818549983203411
Twitter,0.03681612387299538,0.02111426182091236,0.04421267285943031,-0.03869200125336647,-0.007947703823447227,-0.04060139134526253,-0.028061337769031525,0.038005243986845016,0.008172108791768551,-0.05524219945073128
reddit,0.05091989040374756,0.025884959846735,0.03310629352927208,-0.026181362569332123,0.01255989819765091,-0.023543579503893852,-0.040514424443244934,0.031543005257844925,0.013647360727190971,-0.048358649015426636
Twitter,0.06889492273330688,0.04112989455461502,0.016591500490903854,-0.018104135990142822,0.04359797015786171,-0.0016375184059143066,-0.054505858570337296,0.02166820876300335,0.009746119379997253,-0.032054487615823746
reddit,0.03546249493956566,0.0207593385130167,0.0451008565723896,-0.044764164835214615,-0.009067503735423088,-0.043958913534879684,-0.02417336218059063,0.03730493783950806,-0.0019589937292039394,-0.05023064464330673
Twitter,0.09013459831476212,0.040686044842004776,0.002237356500700116,0.011743002571165562,0.07114572077989578,0.026629887521266937,-0.07832213491201401,0.014098722487688065,0.03462597727775574,-0.031358927488327026
reddit,0.07317052036523819,0.04768320173025131,0.011866418644785881,-0.024322424083948135,0.05169343948364258,0.0016257037641480565,-0.054772764444351196,0.01802043430507183,-0.0019833745900541544,-0.02282509207725525
Twitter,0.06015458703041077,0.022278903052210808,0.027691112831234932,-0.006378814112395048,0.022705627605319023,-0.009697956033051014,-0.054500579833984375,0.028925100341439247,0.034051720052957535,-0.05247695371508598
reddit,0.05748051404953003,0.03188760206103325,0.027063772082328796,-0.026148276403546333,0.024654682725667953,-0.016254380345344543,-0.0440334677696228,0.02744734287261963,0.007542337756603956,-0.03958231583237648
Twitter,0.060450565069913864,0.03288247808814049,0.024763748049736023,-0.01961723528802395,0.027831295505166054,-0.011455374769866467,-0.04926825687289238,0.027098655700683594,0.016649652272462845,-0.04298210144042969
reddit,0.023083699867129326,0.012750339694321156,0.05602838099002838,-0.047600775957107544,-0.028462478891015053,-0.05696062743663788,-0.016096148639917374,0.04462876543402672,0.004855988547205925,-0.06297958642244339
Twitter,-0.010747512802481651,-0.060929469764232635,0.09921347349882126,0.008041244000196457,-0.10530363023281097,-0.08475382626056671,-0.017158735543489456,0.07487396150827408,0.11170044541358948,-0.15153339505195618
reddit,0.08307794481515884,0.055544327944517136,0.00314078526571393,-0.021240167319774628,0.06813966482877731,0.012786987237632275,-0.061679940670728683,0.012537450529634953,-0.006213816348463297,-0.013356193900108337
Twitter,0.08516392856836319,0.05225243419408798,0.00248922617174685,-0.009986584074795246,0.06977088749408722,0.017289120703935623,-0.0670221745967865,0.012783958576619625,0.005723472684621811,-0.01696421205997467
reddit,0.06148866191506386,0.038205139338970184,0.022524002939462662,-0.026781002059578896,0.03268441930413246,-0.01144789345562458,-0.04676708206534386,0.024544527754187584,0.0027303961105644703,-0.03339723125100136
Twitter,0.05820721387863159,0.034400708973407745,0.02560902200639248,-0.034659143537282944,0.026002420112490654,-0.018140533939003944,-0.04073184356093407,0.025601403787732124,-0.006197028793394566,-0.03164114058017731
reddit,0.06857345998287201,0.04251697286963463,0.01650392636656761,-0.024316856637597084,0.04299638420343399,-0.0037686587311327457,-0.05194733664393425,0.02109309658408165,0.0021680046338588,-0.028826197609305382
Twitter,0.08836042881011963,0.051503986120224,3.0612549744546413E-4,-0.007378952577710152,0.07447076588869095,0.0215213131159544,-0.06932935863733292,0.011877404525876045,0.007773783057928085,-0.01712537184357643
reddit,0.053094033151865005,0.026288971304893494,0.031631629914045334,-0.021612994372844696,0.014446288347244263,-0.019649993628263474,-0.044970810413360596,0.03160648047924042,0.021641965955495834,-0.051810331642627716
Twitter,0.027052046731114388,0.0038717901334166527,0.05560583993792534,-0.03166364133358002,-0.029106322675943375,-0.05044746398925781,-0.024791359901428223,0.0459589809179306,0.027563806623220444,-0.07509839534759521
reddit,0.0789516270160675,0.06431348621845245,0.0033433495555073023,-0.03916514664888382,0.06754875928163528,0.005273984279483557,-0.051943808794021606,0.011324693448841572,-0.030842648819088936,-2.1945495973341167E-4
Twitter,0.05371497943997383,0.025335945188999176,0.031401365995407104,-0.022408494725823402,0.015773756429553032,-0.019645756110548973,-0.04385127127170563,0.03096645697951317,0.018406078219413757,-0.05004754289984703
reddit,0.06464505940675735,0.043818842619657516,0.018914196640253067,-0.03044067695736885,0.03914014995098114,-0.008761588484048843,-0.04710695147514343,0.02217877097427845,-0.004209522623568773,-0.027217919006943703
Twitter,0.071517713367939,0.03651006147265434,0.016046904027462006,-0.009388472884893417,0.04426635056734085,0.002707808744162321,-0.05956859886646271,0.022316649556159973,0.02212885580956936,-0.038745202124118805
reddit,0.042831651866436005,0.029360046610236168,0.037897828966379166,-0.039096154272556305,0.003527626860886812,-0.03399036452174187,-0.03149418905377388,0.03396333009004593,0.0019099839264526963,-0.04716872423887253
Twitter,0.06280502676963806,0.02729242481291294,0.0247024055570364,-0.01247069239616394,0.03127509355545044,-0.007663840427994728,-0.05151844024658203,0.026432139798998833,0.020134255290031433,-0.0423828661441803
reddit,0.05624498054385185,0.03811074048280716,0.026131775230169296,-0.03608165308833122,0.02610241062939167,-0.01872045360505581,-0.04040389135479927,0.025873027741909027,-0.006451838184148073,-0.03182561695575714
Twitter,0.08081378042697906,0.05227406322956085,0.005473993718624115,-0.01247967779636383,0.06425784528255463,0.013153580017387867,-0.06430811434984207,0.015181266702711582,0.007768635172396898,-0.022443443536758423
reddit,0.04361039400100708,0.024844370782375336,0.038552168756723404,-0.0367179773747921,0.001764834625646472,-0.0335049144923687,-0.03272354602813721,0.03458264842629433,0.0067556616850197315,-0.05059539154171944
Twitter,0.07762205600738525,0.03606635332107544,0.01184775959700346,-2.3267071810550988E-5,0.0541473887860775,0.011229787953197956,-0.06563293188810349,0.019590511918067932,0.026568356901407242,-0.03561699017882347
reddit,0.1314893513917923,0.09002591669559479,-0.03996066004037857,0.0016143686370924115,0.14856775104999542,0.07037760317325592,-0.09777382016181946,-0.01316065527498722,-0.017056424170732498,0.02997148595750332
Twitter,0.03287040442228317,0.019821887835860252,0.04733046144247055,-0.0446302704513073,-0.012667331844568253,-0.04630362614989281,-0.022519530728459358,0.038978323340415955,-6.945854693185538E-5,-0.05299833416938782
reddit,0.047016631811857224,0.03699054941534996,0.03276069462299347,-0.050297047942876816,0.0141702676191926,-0.031518179923295975,-0.029162630438804626,0.028904201462864876,-0.01973065733909607,-0.03024362586438656
Twitter,0.08756572753190994,0.04625865817070007,0.002197463996708393,0.0011717802844941616,0.071787528693676,0.022377843037247658,-0.07206367701292038,0.013318943791091442,0.019707828760147095,-0.02305448055267334
reddit,0.08332320302724838,0.05272902548313141,0.0035590692423284054,-0.01477437000721693,0.0677255317568779,0.014540589414536953,-0.06429660320281982,0.013044298626482487,7.144863484427333E-4,-0.015802612528204918
reddit,0.06813375651836395,0.04087810590863228,0.017238132655620575,-0.021489739418029785,0.04232106730341911,-0.003391337813809514,-0.05246762931346893,0.021730151027441025,0.005325417499989271,-0.030530579388141632
Twitter,0.08469177037477493,0.0609862394630909,2.837071369867772E-4,-0.029185093939304352,0.07315811514854431,0.013468545861542225,-0.059243470430374146,0.010523139499127865,-0.0200287327170372,-0.004227731376886368
reddit,0.06550861150026321,0.010728348046541214,0.02709723636507988,0.01287263073027134,0.025475122034549713,-9.699581423774362E-4,-0.06321124732494354,0.030318059027194977,0.05752544105052948,-0.06443261355161667
Twitter,0.12026950716972351,0.08640988171100616,-0.031031357124447823,-0.007548453286290169,0.1320018470287323,0.05661974474787712,-0.08814241737127304,-0.008293723687529564,-0.02089034952223301,0.024132801219820976
Twitter,0.08107289671897888,0.05629469454288483,0.0041497149504721165,-0.028787940740585327,0.0650126114487648,0.008260676637291908,-0.05634589493274689,0.013387777842581272,-0.015173560939729214,-0.011497056111693382
reddit,0.07261120527982712,0.04612143337726593,0.012718413956463337,-0.01977047324180603,0.050966061651706696,0.0020711144898086786,-0.056120023131370544,0.01861903816461563,0.0020471280440688133,-0.024313300848007202
Twitter,0.04305049031972885,0.015436798334121704,0.04136170446872711,-0.021830810233950615,-0.0029069914016872644,-0.03167252615094185,-0.03738411143422127,0.0373302698135376,0.026797611266374588,-0.06181631237268448
reddit,0.07283736020326614,0.04301266744732857,0.013330880552530289,-0.021922359243035316,0.05023786798119545,9.513525292277336E-4,-0.053890030831098557,0.018824970349669456,-4.389037494547665E-4,-0.023759588599205017
Twitter,0.044004593044519424,0.010653047822415829,0.041713908314704895,-0.019544970244169235,-0.0026123200077563524,-0.029984474182128906,-0.03843050077557564,0.03737065941095352,0.02899494580924511,-0.0633312463760376
reddit,0.0650113895535469,0.03774072974920273,0.020191069692373276,-0.027530759572982788,0.037606701254844666,-0.009352345950901508,-0.0465865395963192,0.02220594510436058,-0.0047246129252016544,-0.0266465712338686
Twitter,0.08035874366760254,0.0415206253528595,0.008605648763477802,-0.0010722532169893384,0.059414342045784,0.014197519049048424,-0.06778807193040848,0.017187122255563736,0.021867578849196434,-0.029616961255669594
reddit,0.04359195753931999,0.021794289350509644,0.03927397355437279,-0.03190687671303749,8.875611238181591E-4,-0.03254975005984306,-0.034209057688713074,0.03528962284326553,0.012455773539841175,-0.05356623977422714
Twitter,0.08665666729211807,0.04839107394218445,0.002320831874385476,-0.006606671027839184,0.07149166613817215,0.018915748223662376,-0.06837049126625061,0.011613761074841022,0.006347391754388809,-0.01538677979260683
reddit,0.040212538093328476,0.03018372692167759,0.03936062753200531,-0.04684034734964371,1.653343060752377E-4,-0.03858880698680878,-0.02711399830877781,0.03433844447135925,-0.006228719372302294,-0.04419310390949249
Twitter,0.08522797375917435,0.04312178120017052,0.0049107372760772705,0.0027198083698749542,0.06807206571102142,0.020074276253581047,-0.07142718881368637,0.014196769334375858,0.021387411281466484,-0.02454216592013836
reddit,0.052780672907829285,0.03584064170718193,0.0291872788220644,-0.03491237759590149,0.019285188987851143,-0.022445324808359146,-0.03891321271657944,0.028774099424481392,3.3488983171992004E-4,-0.03877494856715202
Twitter,0.049024928361177444,0.02495168335735798,0.03481533005833626,-0.022555649280548096,0.01076581422239542,-0.023040246218442917,-0.042152851819992065,0.03309964761137962,0.020963335409760475,-0.05288225784897804
reddit,0.0037381500005722046,0.003971301484853029,0.07171440869569778,-0.06403128057718277,-0.057377975434064865,-0.08115426450967789,0.0017048941226676106,0.053306035697460175,-0.003224050858989358,-0.0723198875784874
Twitter,0.09789196401834488,0.045682650059461594,-0.004501808434724808,0.01296231895685196,0.08303020149469376,0.0344327874481678,-0.08265575021505356,0.009924488142132759,0.02959585189819336,-0.023298311978578568
reddit,0.09140591323375702,0.05955689400434494,-0.004073944874107838,-0.018009763211011887,0.08195777982473373,0.022102469578385353,-0.06619729846715927,0.008240423165261745,-0.010694351978600025,-0.004919743165373802
Twitter,0.09177243709564209,0.05635824799537659,-0.0033043967559933662,-0.010042151436209679,0.08131725341081619,0.024499131366610527,-0.07014062255620956,0.008970954455435276,2.0807840337511152E-4,-0.009420008398592472
reddit,0.044624652713537216,0.04156451299786568,0.03321639075875282,-0.0637347623705864,0.01260119117796421,-0.037692733108997345,-0.021199889481067657,0.028374118730425835,-0.038803581148386,-0.021894626319408417
Twitter,0.07452693581581116,0.046547118574380875,0.011075416579842567,-0.019004840403795242,0.05334322899580002,0.0036539032589644194,-0.05715283751487732,0.017466533929109573,9.78322234004736E-4,-0.02220655046403408
reddit,0.09456513822078705,0.07100584357976913,-0.009632186964154243,-0.02750457264482975,0.09062188863754272,0.023958269506692886,-0.0654209777712822,0.004056171048432589,-0.027372164651751518,0.007666910067200661
Twitter,0.08358389884233475,0.039528366178274155,0.006958377547562122,9.442216833122075E-4,0.061619117856025696,0.016735726967453957,-0.070004902780056,0.016317518427968025,0.025104524567723274,-0.03096630424261093
reddit,0.06193731725215912,0.040380824357271194,0.021759293973445892,-0.027439838275313377,0.03284299373626709,-0.011170896701514721,-0.04742572829127312,0.02463427186012268,0.0039740693755447865,-0.0350227989256382
Twitter,0.06583060324192047,0.032296888530254364,0.020864034071564674,-0.013711826875805855,0.036147233098745346,-0.0038998702075332403,-0.053833335638046265,0.025311099365353584,0.019723188132047653,-0.041761986911296844
reddit,0.06040533259510994,0.031656451523303986,0.025081971660256386,-0.01888308674097061,0.02865946665406227,-0.011282059364020824,-0.049190714955329895,0.026355424895882607,0.013698485679924488,-0.039773765951395035
Twitter,-0.010747512802481651,-0.060929469764232635,0.09921347349882126,0.008041244000196457,-0.10530363023281097,-0.08475382626056671,-0.017158735543489456,0.07487396150827408,0.11170044541358948,-0.15153339505195618
Twitter,0.029685331508517265,0.020142938941717148,0.04919275641441345,-0.0491810217499733,-0.018265480175614357,-0.050941336899995804,-0.019093774259090424,0.04082236438989639,-0.0010034134611487389,-0.055967919528484344
reddit,0.042542021721601486,0.016978712752461433,0.04140844568610191,-0.02420051209628582,-0.0018763032276183367,-0.03161827474832535,-0.03683711588382721,0.037145864218473434,0.02446839213371277,-0.06042023375630379
Twitter,0.10567595809698105,0.07381884753704071,-0.017964838072657585,-0.017147403210401535,0.10835400968790054,0.038346294313669205,-0.07455682009458542,-9.444736642763019E-4,-0.024121306836605072,0.014571786858141422
reddit,0.05726473033428192,0.03411664441227913,0.026729783043265343,-0.022049814462661743,0.02412445656955242,-0.014416011981666088,-0.04743172600865364,0.028395239263772964,0.016133559867739677,-0.04508989304304123
Twitter,0.1665026992559433,0.11328044533729553,-0.07015469670295715,0.01630740985274315,0.20461300015449524,0.11089015007019043,-0.12357711046934128,-0.03153190389275551,-0.024573037400841713,0.05947454273700714
reddit,0.03859145939350128,0.021457703784108162,0.04290742799639702,-0.03744307532906532,-0.00570339011028409,-0.03871600329875946,-0.0291755348443985,0.03755737096071243,0.009411673992872238,-0.054989125579595566
Twitter,0.06182616949081421,0.048937853425741196,0.019424298778176308,-0.042461782693862915,0.03761353716254234,-0.014449549838900566,-0.04072435945272446,0.021381303668022156,-0.020383045077323914,-0.01911320351064205
reddit,0.05751456692814827,0.03150886297225952,0.02699337899684906,-0.0275056641548872,0.02450024150311947,-0.01695108413696289,-0.04297122731804848,0.02719174697995186,0.004362473264336586,-0.03811682388186455
Twitter,0.03541156277060509,0.03609883040189743,0.04124228283762932,-0.060248393565416336,-2.53687787335366E-4,-0.045793574303388596,-0.0181110892444849,0.03286052867770195,-0.03111986629664898,-0.029080258682370186
reddit,0.08716192096471786,0.0565800704061985,1.0040528286481276E-4,-0.01011430099606514,0.07568880915641785,0.02040398120880127,-0.06849011778831482,0.01090937852859497,0.002516798209398985,-0.011973035521805286
Twitter,0.03411545604467392,0.018528228625655174,0.04664134234189987,-0.04223119467496872,-0.014601011760532856,-0.045117590576410294,-0.024892445653676987,0.03994729369878769,0.0069330609403550625,-0.059354934841394424
Twitter,0.115644171833992,0.0735703632235527,-0.024341855198144913,-0.00442199083045125,0.11960854381322861,0.05085980147123337,-0.08525588363409042,-0.0036373543553054333,-0.011042098514735699,0.012390797026455402
reddit,0.055871061980724335,0.02416137605905533,0.030049804598093033,-0.013499335385859013,0.018563365563750267,-0.01483729388564825,-0.048699263483285904,0.031318966299295425,0.029250457882881165,-0.054624613374471664
Twitter,0.03541156277060509,0.03609883040189743,0.04124228283762932,-0.060248393565416336,-2.53687787335366E-4,-0.045793574303388596,-0.0181110892444849,0.03286052867770195,-0.03111986629664898,-0.029080258682370186
reddit,0.08714110404253006,0.05079042166471481,0.001313465996645391,-0.007573694922029972,0.0720665380358696,0.019424227997660637,-0.06845357269048691,0.012106561101973057,0.0073279086500406265,-0.017145302146673203
Twitter,0.051588039845228195,0.029974469915032387,0.031797412782907486,-0.03271111473441124,0.01514302846044302,-0.023726770654320717,-0.039158858358860016,0.030041009187698364,0.004895411431789398,-0.042042091488838196
reddit,0.07092395424842834,0.020107327029109,0.020792575553059578,0.017260735854506493,0.03382699936628342,0.006317988038063049,-0.07042837142944336,0.02737981267273426,0.06078977882862091,-0.06217924878001213
Twitter,0.060651056468486786,0.04454905539751053,0.02133643999695778,-0.03652267903089523,0.03398100659251213,-0.014306452125310898,-0.04240819811820984,0.023534666746854782,-0.009771062061190605,-0.0270698145031929
Twitter,0.074986033141613,0.03715060278773308,0.013304808177053928,-0.008865275420248508,0.05068918317556381,0.006012909114360809,-0.06055343151092529,0.0195549838244915,0.015545000322163105,-0.03148111328482628
reddit,0.09008912742137909,0.06267844885587692,-0.0036514131352305412,-0.020904116332530975,0.08040845394134521,0.020570145919919014,-0.06543803215026855,0.008611947298049927,-0.012585947290062904,-0.004268201999366283
Twitter,0.06852185726165771,0.03443721681833267,0.018562396988272667,-0.012127457186579704,0.040938302874565125,-0.0011494177160784602,-0.05580411106348038,0.023116638883948326,0.017483223229646683,-0.03737691417336464
reddit,0.06850376725196838,0.05547493323683739,0.013263402506709099,-0.04371989145874977,0.05113039165735245,-0.006453965324908495,-0.04391713812947273,0.016972608864307404,-0.02896716259419918,-0.008679956197738647
Twitter,0.08904942870140076,0.055112406611442566,-0.00125699897762388,-0.014519763179123402,0.07845556735992432,0.020320015028119087,-0.06590590626001358,0.009295528754591942,-0.006798237096518278,-0.006645599380135536
reddit,0.0356365405023098,0.03714243695139885,0.04058871045708656,-0.06934698671102524,-0.003385252086445689,-0.048361945897340775,-0.015059682540595531,0.033999133855104446,-0.03246666118502617,-0.03371454402804375
Twitter,0.09914135932922363,0.04615068435668945,-0.005807309411466122,0.015032907947897911,0.08611171692609787,0.03731318190693855,-0.08471808582544327,0.00931250024586916,0.03152117505669594,-0.023483537137508392
reddit,0.0639568641781807,0.04467198997735977,0.018954994156956673,-0.03470081835985184,0.03800378739833832,-0.010563772171735764,-0.04525871202349663,0.02198386751115322,-0.009715467691421509,-0.02539598010480404
Twitter,0.1450032889842987,0.0878308042883873,-0.04905837029218674,0.01881248690187931,0.16844213008880615,0.08694490045309067,-0.10954996943473816,-0.01952006109058857,-0.009866480715572834,0.03777137026190758
reddit,0.06888267397880554,0.041400182992219925,0.01654365472495556,-0.018592024222016335,0.04368538782000542,-0.0017011883901432157,-0.054385438561439514,0.021600332111120224,0.008978207595646381,-0.03162889927625656
Twitter,0.03681612387299538,0.02111426182091236,0.04421267285943031,-0.03869200125336647,-0.007947703823447227,-0.04060139134526253,-0.028061337769031525,0.038005243986845016,0.008172108791768551,-0.05524219945073128
reddit,0.08516722172498703,0.06183839589357376,-3.942407201975584E-4,-0.024171847850084305,0.07677071541547775,0.015548047609627247,-0.06053539738059044,0.009705690667033195,-0.018952907994389534,-0.0019502490758895874
Twitter,0.05442505702376366,0.01883220486342907,0.03250924125313759,-0.014524655416607857,0.014925233088433743,-0.017648955807089806,-0.046557772904634476,0.03179054707288742,0.028007660061120987,-0.05399954319000244
reddit,0.10236971080303192,0.08251304179430008,-0.017676524817943573,-0.03459165617823601,0.10492623597383499,0.03132940083742142,-0.06699617207050323,-4.944181418977678E-4,-0.04031234234571457,0.019177719950675964
Twitter,0.09974103420972824,0.04415065422654152,-0.005435070022940636,0.024894235655665398,0.08333628624677658,0.03996385633945465,-0.0900932177901268,0.011275391094386578,0.04915885999798775,-0.03377983719110489
Twitter,0.05660887435078621,0.028960220515727997,0.02832387574017048,-0.01969745382666588,0.021341245621442795,-0.015422404743731022,-0.04695441201329231,0.029398316517472267,0.0191096942871809,-0.047401394695043564
reddit,0.07170891016721725,0.030886707827448845,0.01746947504580021,-8.126874454319477E-4,0.04392063245177269,0.004336790647357702,-0.06186981499195099,0.02278149500489235,0.02956920862197876,-0.041006721556186676
Twitter,0.07488194853067398,0.04448726028203964,0.011361654847860336,-0.021501272916793823,0.05596410855650902,0.0031454346608370543,-0.05398685857653618,0.01621857099235058,-0.00912143662571907,-0.015213275328278542
reddit,0.025575444102287292,0.00506070489063859,0.05621714890003204,-0.0331140011548996,-0.03097674809396267,-0.052423011511564255,-0.023433687165379524,0.04640163108706474,0.02667241543531418,-0.0759681984782219
Twitter,0.0636165514588356,0.038732994347810745,0.020883584395051003,-0.026763660833239555,0.035264752805233,-0.009438848122954369,-0.04760538414120674,0.02405739203095436,0.003168146125972271,-0.03339552506804466
reddit,0.10494669526815414,0.06788446009159088,-0.01560850627720356,-0.0026589641347527504,0.10366762429475784,0.04116006940603256,-0.08188414573669434,0.001748545910231769,-4.713232920039445E-4,0.0017340678023174405
Twitter,0.032963596284389496,0.013727222569286823,0.04882749542593956,-0.03579378500580788,-0.015439372509717941,-0.04474559426307678,-0.025919103994965553,0.04073025658726692,0.013960725627839565,-0.06144127994775772
reddit,0.11530406773090363,0.06700218468904495,-0.02243821881711483,0.009804033674299717,0.1179569885134697,0.05413026362657547,-0.09077601134777069,-0.0016424664063379169,0.008111616596579552,0.003600052325055003
Twitter,0.06149347871541977,0.046486109495162964,0.020119601860642433,-0.040250711143016815,0.036820486187934875,-0.013722973875701427,-0.04160710796713829,0.021992381662130356,-0.017299486324191093,-0.02182130143046379
reddit,0.027937645092606544,-5.683823255822062E-4,0.05626453831791878,-0.015322398394346237,-0.03143781051039696,-0.045184969902038574,-0.03345301374793053,0.04877621307969093,0.05423610657453537,-0.09036048501729965
Twitter,0.08359644562005997,0.05854927748441696,0.0018734150798991323,-0.024181289598345757,0.07050220668315887,0.01303736213594675,-0.06034975126385689,0.011935901828110218,-0.011276718229055405,-0.009853485971689224
reddit,0.10917861014604568,0.06787284463644028,-0.018400441855192184,0.002797472756356001,0.10854871571063995,0.045785509049892426,-0.08557052165269852,4.2231089901179075E-4,0.004336718935519457,0.0011986896861344576
Twitter,0.10533513128757477,0.06829143315553665,-0.01587088406085968,-0.008012584410607815,0.10168185830116272,0.03967529162764549,-0.08025161176919937,0.0024012511130422354,-0.0022894502617418766,-1.3613837654702365E-4
reddit,0.033768970519304276,0.014555756002664566,0.048040132969617844,-0.035513173788785934,-0.014446278102695942,-0.043788760900497437,-0.026911823078989983,0.040106043219566345,0.013541927561163902,-0.06026555597782135
Twitter,0.09471914172172546,0.06628922373056412,-0.007878839038312435,-0.018922945484519005,0.08899828791618347,0.026054833084344864,-0.0684506744146347,0.005873783491551876,-0.014415884390473366,8.938157116062939E-4
reddit,0.12511439621448517,0.0795433446764946,-0.03227412700653076,0.012734481133520603,0.13355214893817902,0.06589890271425247,-0.10069416463375092,-0.007418809458613396,0.007879185490310192,0.011098816990852356
Twitter,0.0962546318769455,0.085757777094841,-0.014318513683974743,-0.04309208318591118,0.09963378310203552,0.023695413023233414,-0.06066882610321045,6.155588198453188E-5,-0.051430605351924896,0.024394122883677483
reddit,0.07655587047338486,0.04771172255277634,0.009492102079093456,-0.01594691164791584,0.05524755269289017,0.007428430020809174,-0.06057716906070709,0.018246937543153763,0.009451323188841343,-0.027094144374132156
Twitter,0.07585771381855011,0.044974323362112045,0.010708634741604328,-0.01618051528930664,0.053764406591653824,0.005851018242537975,-0.059185490012168884,0.0181032232940197,0.006668747868388891,-0.026610031723976135
reddit,0.03977704793214798,0.01631174422800541,0.043315477669239044,-0.02830842323601246,-0.005202519707381725,-0.03577467054128647,-0.03277038037776947,0.03768639639019966,0.018095359206199646,-0.0580715537071228
Twitter,0.05312998965382576,0.032820794731378555,0.029856862500309944,-0.032331667840480804,0.019053952768445015,-0.021993674337863922,-0.03940077871084213,0.028920728713274002,0.0021174349822103977,-0.03964134305715561
reddit,0.06229385733604431,0.04494457691907883,0.02013608068227768,-0.036736488342285156,0.03839614987373352,-0.012373625300824642,-0.042260970920324326,0.021965546533465385,-0.01497328095138073,-0.020959578454494476
Twitter,0.10336258262395859,0.07778685539960861,-0.01698598638176918,-0.024129996076226234,0.10495030879974365,0.03434782847762108,-0.07235382497310638,-6.999418255873024E-4,-0.02892565168440342,0.015813574194908142
reddit,0.06988700479269028,0.03887079656124115,0.01642153225839138,-0.010514245368540287,0.04419561102986336,0.0013855346478521824,-0.058385465294122696,0.02222095988690853,0.0194352138787508,-0.035583339631557465
Twitter,0.10705646127462387,0.08125776052474976,-0.020523257553577423,-0.026096904650330544,0.11175204068422318,0.03806217014789581,-0.07270023226737976,-0.0025775537360459566,-0.034415602684020996,0.020682962611317635
reddit,0.05113554373383522,0.02806726098060608,0.03235527127981186,-0.026944011449813843,0.013801708817481995,-0.02307043969631195,-0.0406496599316597,0.03131678327918053,0.012359331361949444,-0.047636907547712326
Twitter,0.03681612387299538,0.02111426182091236,0.04421267285943031,-0.03869200125336647,-0.007947703823447227,-0.04060139134526253,-0.028061337769031525,0.038005243986845016,0.008172108791768551,-0.05524219945073128
reddit,0.050463635474443436,0.025417720898985863,0.033591870218515396,-0.02524486929178238,0.011579476296901703,-0.023477260023355484,-0.04127034172415733,0.03211090713739395,0.016343481838703156,-0.050499387085437775
reddit,0.23125462234020233,0.11654520034790039,-0.1162206381559372,0.11152539402246475,0.29310888051986694,0.19935736060142517,-0.19757716357707977,-0.055722881108522415,0.04965703934431076,0.06710110604763031
Twitter,0.10500899702310562,0.08196601271629333,-0.01981864497065544,-0.03358902782201767,0.11354716867208481,0.03436017408967018,-0.06631899625062943,-0.0043134852312505245,-0.05238554999232292,0.03231888264417648
reddit,0.0946747213602066,0.059745751321315765,-0.006093244068324566,-0.010916443541646004,0.08445868641138077,0.026771578937768936,-0.07214786857366562,0.007437888998538256,-0.0022652950137853622,-0.007272092159837484
Twitter,0.061106808483600616,0.035457760095596313,0.02349674515426159,-0.0253276489675045,0.03029579110443592,-0.012240567244589329,-0.04720088839530945,0.025235852226614952,0.006321466527879238,-0.03633156418800354
reddit,0.060078173875808716,0.033346038311719894,0.024724487215280533,-0.02022550255060196,0.02729123644530773,-0.012138511054217815,-0.04865671321749687,0.027085017412900925,0.015408284030854702,-0.042810700833797455
Twitter,0.11153801530599594,0.0908651202917099,-0.026617852970957756,-0.032867737114429474,0.12238533049821854,0.04199258238077164,-0.07323173433542252,-0.007175743114203215,-0.048610396683216095,0.03264186903834343
reddit,0.1079936996102333,0.05881521478295326,-0.015277101658284664,0.008952904492616653,0.1020062118768692,0.046027008444070816,-0.08790215104818344,0.0039818729273974895,0.0188787579536438,-0.011236953549087048
Twitter,0.10261454433202744,0.07269509136676788,-0.0153404725715518,-0.019122455269098282,0.10277148336172104,0.03481300547719002,-0.07253875583410263,0.0013989805011078715,-0.02092752419412136,0.00909183919429779
reddit,0.13403455913066864,0.07435481250286102,-0.0373087152838707,0.028402240946888924,0.14543063938617706,0.07827594131231308,-0.10978225618600845,-0.010067995637655258,0.018987324088811874,0.011023092083632946
Twitter,0.043908700346946716,0.03099662810564041,0.036600206047296524,-0.0454096756875515,0.007026335224509239,-0.03455887362360954,-0.02851051837205887,0.03194861859083176,-0.010186117142438889,-0.038611434400081635
Twitter,0.09666505455970764,0.03372802212834358,-7.327663479372859E-4,0.026818621903657913,0.0765133947134018,0.03581421822309494,-0.08603791147470474,0.014160961844027042,0.05156014487147331,-0.03879283368587494
reddit,0.08431592583656311,0.04832085594534874,0.004050415940582752,-0.010419701226055622,0.06704885512590408,0.016024187207221985,-0.06570480018854141,0.014098766259849072,0.007953610271215439,-0.02044583484530449
Twitter,0.0626029521226883,0.03252760320901871,0.023593252524733543,-0.014448370784521103,0.032559093087911606,-0.007521080784499645,-0.05158302187919617,0.02624042145907879,0.018493402749300003,-0.04104175791144371
Twitter,9.624406229704618E-4,0.006123225204646587,0.07287479937076569,-0.07281427085399628,-0.06004743650555611,-0.08635877817869186,0.0071894084103405476,0.05298195406794548,-0.014689315110445023,-0.06701357662677765
Twitter,0.12569938600063324,0.08789600431919098,-0.03505995497107506,-0.0015436195535585284,0.140041783452034,0.06366942077875137,-0.09333944320678711,-0.010379107668995857,-0.01621810346841812,0.02559821866452694
reddit,0.08149805665016174,0.053417764604091644,0.004710459616035223,-0.020529745146632195,0.06421050429344177,0.01079342607408762,-0.06045731529593468,0.014376065693795681,-0.002538153203204274,-0.016635535284876823
Twitter,0.05734642967581749,0.03493175283074379,0.026054486632347107,-0.030176959931850433,0.025756610557436943,-0.017072206363081932,-0.04267892614006996,0.026268985122442245,1.0564860713202506E-4,-0.03516777232289314
reddit,0.1781536042690277,0.08569259941577911,-0.07040177285671234,0.07500530034303665,0.21070252358913422,0.13417813181877136,-0.15094538033008575,-0.02913634106516838,0.0470869354903698,0.028093261644244194
Twitter,0.07319223880767822,0.04887017980217934,0.011510257609188557,-0.027899697422981262,0.054849036037921906,0.0010921962093561888,-0.05201095715165138,0.016796255484223366,-0.011306055821478367,-0.015809476375579834
Twitter,0.053768184036016464,0.026951368898153305,0.030916692689061165,-0.02601892501115799,0.018454251810908318,-0.021006368100643158,-0.04054967686533928,0.029420094564557076,0.00721745053306222,-0.04097399115562439
reddit,0.05837051942944527,0.06487031280994415,0.017684096470475197,-0.06481970101594925,0.03954756632447243,-0.02126740664243698,-0.0310011338442564,0.019831210374832153,-0.047733373939991,-0.005606526974588633
Twitter,0.08603158593177795,0.05367846414446831,0.0012121577747166157,-0.017931509763002396,0.07337771356105804,0.016118111088871956,-0.06231208145618439,0.010830673389136791,-0.010135142132639885,-0.007762400899082422
reddit,0.11464021354913712,0.11655078828334808,-0.03545960411429405,-0.05890076979994774,0.13616901636123657,0.040628526359796524,-0.06662651151418686,-0.01487341895699501,-0.08811735361814499,0.06153944507241249
Twitter,0.1510978788137436,0.09774632006883621,-0.05560046806931496,0.022292597219347954,0.17601722478866577,0.09480491280555725,-0.1173352599143982,-0.021298028528690338,-0.0023850214201956987,0.03377597779035568
reddit,0.06843848526477814,0.052095621824264526,0.013929220847785473,-0.03368793800473213,0.045964840799570084,-0.005662585608661175,-0.04872320592403412,0.019321348518133163,-0.010450447909533978,-0.02102242037653923
Twitter,0.050562262535095215,0.017499614506959915,0.03563389554619789,-0.013902734965085983,0.00886719673871994,-0.021394789218902588,-0.04533812403678894,0.03388771414756775,0.03263529762625694,-0.06002184748649597
reddit,0.07601387053728104,0.06586199998855591,0.005146312527358532,-0.0466458685696125,0.06190923973917961,9.973922715289518E-5,-0.0476691871881485,0.013095330446958542,-0.0342683419585228,-0.0021991506218910217
Twitter,0.08326684683561325,0.0465216301381588,0.005265182815492153,-0.006797427777200937,0.06499966979026794,0.015920281410217285,-0.0671348124742508,0.015031126327812672,0.014300641603767872,-0.024651242420077324
reddit,0.10438763350248337,0.08411411195993423,-0.01977863535284996,-0.028099145740270615,0.11046434938907623,0.03512067720293999,-0.07079123705625534,-0.0030275608878582716,-0.0391656830906868,0.02419223263859749
Twitter,0.06496486067771912,0.03460016846656799,0.02108459733426571,-0.01954536698758602,0.03755343332886696,-0.006901346147060394,-0.049795400351285934,0.023433862254023552,0.00695573166012764,-0.03221489489078522
reddit,0.05201917514204979,0.028690854087471962,0.03155830502510071,-0.026336243376135826,0.01470162533223629,-0.021938160061836243,-0.04171508923172951,0.030944978818297386,0.013126745820045471,-0.04727635160088539
Twitter,0.05678943917155266,0.03562512993812561,0.026530509814620018,-0.031885776668787,0.025291383266448975,-0.017957273870706558,-0.041724566370248795,0.026718052104115486,-3.034954715985805E-4,-0.03554738685488701
reddit,0.14260511100292206,0.2129855901002884,-0.07958918809890747,-0.13057775795459747,0.20396357774734497,0.0621073842048645,-0.06696989387273788,-0.042856547981500626,-0.19014009833335876,0.14291653037071228
Twitter,0.046718861907720566,0.016967644914984703,0.0385858528316021,-0.023491382598876953,0.006498582661151886,-0.027660900726914406,-0.03749741613864899,0.03359362483024597,0.016209643334150314,-0.05118243768811226
reddit,0.041426029056310654,0.025225628167390823,0.03976675495505333,-0.04468612000346184,-1.1144102609250695E-4,-0.03848996013402939,-0.02746954932808876,0.03334807977080345,-0.004165418446063995,-0.04366917163133621
Twitter,0.0709843635559082,0.0458044670522213,0.013912049122154713,-0.022465551272034645,0.048247236758470535,-7.000282639637589E-4,-0.05412965640425682,0.018850361928343773,-3.302565892226994E-4,-0.02384093403816223
reddit,0.1471717357635498,0.11795619875192642,-0.058688756078481674,-0.014704486355185509,0.17819355428218842,0.08463332056999207,-0.10320502519607544,-0.025064952671527863,-0.0466441810131073,0.05654915049672127
Twitter,0.08102961629629135,0.04225624352693558,0.007950624451041222,-0.007461185101419687,0.06042039766907692,0.012140948325395584,-0.06411624699831009,0.016019463539123535,0.011849872767925262,-0.02439977042376995
reddit,0.051964424550533295,0.03488996997475624,0.03002071939408779,-0.03569481521844864,0.017077265307307243,-0.0239790640771389,-0.038065213710069656,0.029086777940392494,-4.030010895803571E-4,-0.03878844156861305
Twitter,0.07211672514677048,0.04342587664723396,0.013800553977489471,-0.02381247840821743,0.04804809018969536,-5.757822655141354E-4,-0.05293113738298416,0.019468078389763832,-0.0013696640962734818,-0.02485540322959423
reddit,0.08109881728887558,0.05423256754875183,0.004721372853964567,-0.021188197657465935,0.06603960692882538,0.010879294946789742,-0.059576451778411865,0.013734552077949047,-0.006544425152242184,-0.0134813841432333
Twitter,0.08263125270605087,0.04502851888537407,0.0059036752209067345,-0.009802465327084064,0.06526278704404831,0.014187490567564964,-0.06401573121547699,0.014500593766570091,0.0069871521554887295,-0.020500430837273598
reddit,0.07230330258607864,0.05714761093258858,0.009795814752578735,-0.0376688614487648,0.05163243040442467,-0.0026164937298744917,-0.050498928874731064,0.01650742068886757,-0.01716267317533493,-0.014895039610564709
Twitter,0.07087017595767975,0.04042503237724304,0.015517299063503742,-0.017659064382314682,0.04605693370103836,-3.602690703701228E-4,-0.054722197353839874,0.020504862070083618,0.00680097471922636,-0.028805028647184372
reddit,0.09067660570144653,0.06007082760334015,-0.003800214733928442,-0.01771167293190956,0.07993058860301971,0.021332914009690285,-0.06709437817335129,0.00857271533459425,-0.00796744879335165,-0.006148476153612137
Twitter,0.08223547786474228,0.04299189895391464,0.006865974981337786,-0.005230314563959837,0.061823125928640366,0.014248814433813095,-0.06625545024871826,0.015942823141813278,0.015810532495379448,-0.026187656447291374
reddit,0.052680764347314835,0.026792919263243675,0.03181380406022072,-0.019581209868192673,0.015031887218356133,-0.01952883042395115,-0.04520685598254204,0.0314968004822731,0.021943196654319763,-0.05121881887316704
Twitter,0.05438614264130592,0.030552959069609642,0.029417771846055984,-0.027781011536717415,0.020406445488333702,-0.019733328372240067,-0.0414619967341423,0.02887064404785633,0.006790420971810818,-0.041241347789764404
Twitter,0.1060764417052269,0.07903406023979187,-0.019277367740869522,-0.021319439634680748,0.10845448821783066,0.03768070787191391,-0.07474659383296967,-0.0014590696664527059,-0.026421794667840004,0.015203523449599743
reddit,0.1379791647195816,0.10640663653612137,-0.04848010465502739,0.004926621448248625,0.16074107587337494,0.07974141091108322,-0.10789480805397034,-0.017649836838245392,-0.01307136844843626,0.03424869105219841
Twitter,0.08649519085884094,0.05438807234168053,8.03777773398906E-4,-0.01401588600128889,0.07550119608640671,0.01851007342338562,-0.06502079218626022,0.01048915833234787,-0.004068558104336262,-0.008431109599769115
reddit,0.13209649920463562,0.09864950180053711,-0.04252978041768074,-0.005615337751805782,0.14942876994609833,0.06980787217617035,-0.09853673726320267,-0.01470806635916233,-0.022164972499012947,0.032635174691677094
Twitter,0.040763113647699356,0.015039694495499134,0.04308659955859184,-0.024946803227066994,-0.004495562519878149,-0.03399014100432396,-0.03501177579164505,0.037763677537441254,0.02391997165977955,-0.061584390699863434
reddit,0.119747593998909,0.07503127306699753,-0.02749044820666313,0.005540541838854551,0.12164467573165894,0.05646655708551407,-0.09368317574262619,-0.00413680262863636,0.0047037131153047085,0.005501909647136927
Twitter,0.0963018536567688,0.060147374868392944,-0.007331910077482462,-0.009975181892514229,0.09012632071971893,0.029462549835443497,-0.07228279858827591,0.005702607799321413,-0.00499141588807106,-0.0024063040036708117
reddit,0.10958416759967804,0.0805395096540451,-0.022338861599564552,-0.019481807947158813,0.11122667044401169,0.04068448022007942,-0.07872521877288818,-0.003314695321023464,-0.022333310917019844,0.015951255336403847
Twitter,0.07576949894428253,0.039494313299655914,0.012203025631606579,-0.007916065864264965,0.05285719782114029,0.007475335616618395,-0.0618010014295578,0.019025521352887154,0.01669393666088581,-0.031199289485812187
reddit,0.07937022298574448,0.08277734369039536,-0.0016462256899103522,-0.05562886968255043,0.0714050680398941,0.00314043159596622,-0.048897884786129,0.009222851134836674,-0.04638988897204399,0.0078861890360713
Twitter,0.11188872903585434,0.06910931318998337,-0.020699644461274147,-2.8614961775019765E-4,0.1137843132019043,0.04749924689531326,-0.08493084460496902,-0.0021145727951079607,-0.004532332997769117,0.008487856015563011
reddit,0.11318622529506683,0.07774373888969421,-0.02411954663693905,-0.015384368598461151,0.11650921404361725,0.045226603746414185,-0.08010832220315933,-0.003997857216745615,-0.022880785167217255,0.0166868157684803
Twitter,0.11581823229789734,0.07593746483325958,-0.02536892145872116,-0.0017295965226367116,0.12089457362890244,0.05177636072039604,-0.08730088919401169,-0.0045042093843221664,-0.009215308353304863,0.01383554469794035
reddit,0.06561601907014847,0.04807065799832344,0.017065824940800667,-0.03520755097270012,0.04194819927215576,-0.008843421936035156,-0.045862503349781036,0.02071473002433777,-0.011977705173194408,-0.021907571703195572
Twitter,0.08493311703205109,0.053170345723629,0.0022841475438326597,-0.01523983757942915,0.0678732767701149,0.015423210337758064,-0.06503139436244965,0.012981262989342213,2.795068430714309E-4,-0.015547904185950756
reddit,0.055284421890974045,0.030709540471434593,0.028918664902448654,-0.02786014787852764,0.02073047123849392,-0.019483136013150215,-0.041734859347343445,0.02844739891588688,0.005720107816159725,-0.039585795253515244
Twitter,0.09816090762615204,0.06439737975597382,-0.010189611464738846,-0.018037404865026474,0.0893070325255394,0.027300652116537094,-0.07120740413665771,0.00401417026296258,-0.014140812680125237,1.4903713599778712E-4
Twitter,0.12198404222726822,0.08660197257995605,-0.03269120678305626,-0.010831627994775772,0.13669192790985107,0.05788516253232956,-0.08653179556131363,-0.010233435779809952,-0.02892127074301243,0.030347321182489395
reddit,0.07766829431056976,0.05008566752076149,0.008206114172935486,-0.001445809961296618,0.05232194811105728,0.01177825778722763,-0.07063305377960205,0.020091421902179718,0.03600519523024559,-0.04246926307678223
Twitter,0.1274382621049881,0.09597258269786835,-0.03890102356672287,-0.01434080209583044,0.14238929748535156,0.0620732307434082,-0.09043848514556885,-0.012907275930047035,-0.03132255747914314,0.033307865262031555
reddit,0.05280081927776337,-5.921655683778226E-4,0.038999225944280624,0.013124127872288227,3.883923345711082E-4,-0.014804772101342678,-0.057159215211868286,0.039490215480327606,0.07619138062000275,-0.08900445699691772
Twitter,0.09950817376375198,0.056949909776449203,-0.008668636903166771,0.0058142500929534435,0.08955463021993637,0.035672690719366074,-0.08175443112850189,0.007376777473837137,0.01870177499949932,-0.014752693474292755
reddit,0.0631793662905693,0.02807540073990822,0.024180369451642036,-0.009645218960940838,0.029574774205684662,-0.006492857821285725,-0.055074792355298996,0.026872901245951653,0.02819899655878544,-0.047366589307785034
Twitter,0.0702371597290039,0.04981690272688866,0.01337181031703949,-0.03170878067612648,0.04833325371146202,-0.002976192394271493,-0.05021749064326286,0.01888996548950672,-0.00951587874442339,-0.02074691653251648
reddit,0.09396450221538544,0.06273920834064484,-0.006558278109878302,-0.019285358488559723,0.08639600872993469,0.02371753193438053,-0.06740706413984299,0.005447009112685919,-0.016218574717640877,0.001834625843912363
